,ABG,ACT,AEL,AFH,AFX,AIL,AMS,APF,ARI,ASC,ATT,AWA,BAW,BIL,BRN,BVT,CFR,CLR,CML,CPI,CSB,DCP,DLT,DTC,EOH,EQU,FBR,FFB,GFI,GND,GRP,HAR,HDC,HPB,IAP,INL,IPF,ITE,IVT,KAP,KST,L4L,LBR,LHC,MEI,MMI,MNK,MPT,MSM,MTA,MUR,NHM,NPN,NT1,OCE,OMN,PAN,PGR,PPC,PSG,RBP,RCL,REB,RES,RLO,RMI,RPL,SAC,SBK,SGL,SLM,SNT,SPG,SRE,SUI,TBS,TDH,TFG,TON,TRU,VKE,VVO,WHL,ACL,ADH,AFE,AFT,AGL,AIP,ANG,APN,ARL,ASR,AVI,BAT,BID,BLU,BTI,CCO,CLH,CLS,COH,CRP,CTK,DGH,DSY,EMI,EPP,EXX,FFA,FSR,GLN,GRP,GRT,HCI,HMN,HYP,IMP,INP,IPL,ITU,JSE,KIO,L2D,LBH,LEW,LON,MIX,MND,MNP,MRP,MSP,MTN,NED,NPK,NRP,NTC,OCT,OMU,PFG,PIK,PPH,QLT,RBX,RDF,REM,RFG,RMH,RNI,S32,SAP,SDO,SHP,SNH,SOL,SPP,STP,SUR,TCP,TEX,TKG,TRE,TSH,VOD,WBO,ZED
ABG,1.000,0.070,0.087,0.088,0.082,0.123,0.102,0.062,0.095,0.115,0.109,0.071,0.105,0.203,0.042,0.127,0.190,0.109,0.121,0.139,0.098,0.133,0.112,0.065,0.087,0.113,0.023,0.104,0.057,0.105,0.105,0.042,0.055,0.063,0.072,0.192,0.089,0.082,0.064,0.119,0.079,0.063,0.061,0.193,0.149,0.158,0.045,0.099,0.109,0.100,0.051,0.125,0.205,0.019,0.090,0.133,0.072,0.100,0.061,0.143,0.077,0.043,0.125,0.122,0.096,0.169,0.156,0.134,0.150,0.077,0.163,0.066,0.100,0.042,0.075,0.120,0.027,0.097,0.113,0.106,0.118,0.174,0.159,0.077,0.032,0.116,0.036,0.101,0.102,0.075,0.149,0.092,0.076,0.129,0.108,0.141,0.107,0.180,0.090,0.044,0.135,0.095,0.115,0.071,0.295,0.163,0.134,0.052,0.102,0.095,0.140,0.119,0.107,0.117,0.143,0.091,0.175,0.080,0.184,0.133,0.109,0.114,0.049,-0.003,0.161,0.058,0.073,0.057,0.154,0.155,0.116,0.079,0.100,0.132,0.100,0.116,0.145,0.112,0.276,0.139,0.160,0.072,0.290,0.042,0.117,0.205,0.083,0.149,0.166,0.136,0.116,0.080,0.092,0.052,0.198,0.152,0.094,0.114,0.107,0.097,0.110,0.144,0.110,0.125,0.068,0.135
ACT,0.070,1.000,0.048,0.049,0.046,0.068,0.057,0.035,0.053,0.064,0.061,0.040,0.058,0.113,0.023,0.071,0.106,0.061,0.068,0.078,0.055,0.074,0.062,0.036,0.049,0.063,0.013,0.058,0.032,0.059,0.059,0.024,0.031,0.035,0.040,0.107,0.049,0.046,0.035,0.067,0.044,0.035,0.034,0.107,0.083,0.088,0.025,0.055,0.061,0.056,0.029,0.070,0.114,0.011,0.050,0.074,0.040,0.056,0.034,0.080,0.043,0.024,0.070,0.068,0.053,0.094,0.087,0.075,0.084,0.043,0.091,0.037,0.056,0.024,0.042,0.067,0.015,0.054,0.063,0.059,0.066,0.097,0.089,0.043,0.018,0.065,0.020,0.056,0.057,0.042,0.083,0.052,0.042,0.072,0.060,0.079,0.060,0.100,0.050,0.025,0.075,0.053,0.064,0.039,0.164,0.091,0.075,0.029,0.057,0.053,0.078,0.066,0.060,0.065,0.080,0.051,0.098,0.045,0.103,0.074,0.061,0.064,0.027,-0.002,0.090,0.032,0.041,0.032,0.086,0.087,0.065,0.044,0.056,0.074,0.056,0.064,0.081,0.062,0.154,0.077,0.089,0.040,0.162,0.023,0.065,0.115,0.046,0.083,0.093,0.076,0.065,0.044,0.051,0.029,0.111,0.085,0.052,0.064,0.060,0.054,0.061,0.080,0.062,0.069,0.038,0.075
AEL,0.087,0.048,1.001,0.061,0.056,0.084,0.070,0.043,0.065,0.079,0.075,0.049,0.072,0.139,0.029,0.087,0.130,0.075,0.083,0.096,0.067,0.091,0.077,0.045,0.060,0.077,0.016,0.071,0.039,0.072,0.072,0.029,0.038,0.043,0.049,0.131,0.061,0.056,0.044,0.082,0.054,0.043,0.042,0.132,0.102,0.108,0.031,0.068,0.075,0.069,0.035,0.086,0.141,0.013,0.062,0.091,0.049,0.069,0.042,0.098,0.053,0.029,0.086,0.084,0.066,0.116,0.107,0.092,0.103,0.053,0.112,0.045,0.068,0.029,0.052,0.082,0.018,0.067,0.077,0.073,0.081,0.119,0.109,0.052,0.022,0.080,0.025,0.069,0.070,0.052,0.102,0.063,0.052,0.088,0.074,0.097,0.074,0.123,0.062,0.030,0.093,0.065,0.079,0.048,0.202,0.112,0.092,0.035,0.070,0.065,0.096,0.082,0.073,0.080,0.098,0.063,0.120,0.055,0.126,0.091,0.074,0.078,0.033,-0.002,0.110,0.040,0.050,0.039,0.106,0.106,0.080,0.054,0.069,0.090,0.069,0.079,0.099,0.077,0.190,0.095,0.110,0.049,0.199,0.029,0.080,0.141,0.057,0.102,0.114,0.093,0.080,0.055,0.063,0.036,0.136,0.104,0.064,0.078,0.073,0.066,0.075,0.099,0.076,0.085,0.047,0.092
AFH,0.088,0.049,0.061,0.995,0.057,0.086,0.071,0.043,0.067,0.081,0.076,0.050,0.073,0.142,0.029,0.088,0.133,0.076,0.085,0.097,0.068,0.093,0.078,0.046,0.061,0.079,0.016,0.072,0.040,0.073,0.074,0.030,0.039,0.044,0.050,0.134,0.062,0.057,0.044,0.083,0.055,0.044,0.043,0.135,0.104,0.110,0.031,0.069,0.076,0.070,0.036,0.088,0.143,0.013,0.063,0.093,0.050,0.070,0.043,0.100,0.054,0.030,0.087,0.085,0.067,0.118,0.109,0.094,0.105,0.054,0.114,0.046,0.070,0.030,0.053,0.084,0.019,0.068,0.079,0.074,0.083,0.122,0.111,0.053,0.022,0.081,0.025,0.071,0.071,0.053,0.104,0.065,0.053,0.090,0.076,0.098,0.075,0.126,0.063,0.031,0.095,0.066,0.081,0.049,0.206,0.114,0.094,0.036,0.072,0.066,0.098,0.083,0.075,0.081,0.100,0.064,0.123,0.056,0.129,0.093,0.076,0.080,0.034,-0.002,0.112,0.041,0.051,0.040,0.108,0.108,0.081,0.055,0.070,0.092,0.070,0.081,0.101,0.078,0.193,0.097,0.112,0.050,0.202,0.029,0.082,0.143,0.058,0.104,0.116,0.095,0.081,0.056,0.064,0.036,0.139,0.106,0.066,0.080,0.075,0.068,0.077,0.101,0.077,0.087,0.048,0.094
AFX,0.082,0.046,0.056,0.057,1.001,0.080,0.066,0.040,0.062,0.075,0.071,0.046,0.068,0.132,0.027,0.082,0.124,0.071,0.079,0.091,0.064,0.087,0.073,0.042,0.057,0.073,0.015,0.067,0.037,0.068,0.068,0.028,0.036,0.041,0.047,0.125,0.058,0.053,0.041,0.078,0.051,0.041,0.040,0.125,0.097,0.102,0.029,0.064,0.071,0.065,0.033,0.082,0.133,0.013,0.059,0.087,0.047,0.065,0.040,0.093,0.050,0.028,0.081,0.079,0.062,0.110,0.101,0.087,0.098,0.050,0.106,0.043,0.065,0.028,0.049,0.078,0.017,0.063,0.073,0.069,0.077,0.113,0.103,0.050,0.021,0.076,0.024,0.066,0.066,0.049,0.097,0.060,0.049,0.084,0.070,0.092,0.070,0.117,0.058,0.029,0.088,0.061,0.075,0.046,0.192,0.106,0.087,0.034,0.067,0.062,0.091,0.077,0.070,0.076,0.093,0.059,0.114,0.052,0.120,0.087,0.071,0.074,0.032,-0.002,0.104,0.038,0.047,0.037,0.100,0.101,0.076,0.052,0.065,0.086,0.065,0.075,0.094,0.073,0.180,0.090,0.104,0.047,0.188,0.027,0.076,0.134,0.054,0.097,0.108,0.089,0.076,0.052,0.060,0.034,0.129,0.099,0.061,0.074,0.070,0.063,0.071,0.094,0.072,0.081,0.045,0.088
AIL,0.123,0.068,0.084,0.086,0.080,0.955,0.099,0.060,0.093,0.112,0.106,0.069,0.102,0.197,0.041,0.123,0.185,0.106,0.118,0.135,0.095,0.129,0.109,0.063,0.085,0.110,0.023,0.101,0.055,0.102,0.102,0.041,0.054,0.062,0.070,0.186,0.086,0.080,0.062,0.116,0.077,0.061,0.060,0.187,0.145,0.153,0.044,0.096,0.106,0.097,0.050,0.122,0.199,0.019,0.088,0.129,0.070,0.097,0.059,0.139,0.075,0.041,0.121,0.119,0.093,0.164,0.151,0.130,0.146,0.075,0.158,0.064,0.097,0.041,0.073,0.116,0.026,0.094,0.109,0.103,0.115,0.169,0.155,0.074,0.031,0.113,0.035,0.098,0.099,0.073,0.145,0.090,0.073,0.125,0.105,0.137,0.104,0.175,0.087,0.043,0.131,0.092,0.112,0.069,0.286,0.158,0.130,0.050,0.100,0.092,0.136,0.116,0.104,0.113,0.139,0.089,0.170,0.078,0.179,0.129,0.105,0.111,0.047,-0.003,0.156,0.056,0.071,0.056,0.150,0.151,0.113,0.077,0.097,0.128,0.097,0.112,0.140,0.109,0.269,0.135,0.156,0.070,0.281,0.041,0.114,0.199,0.081,0.145,0.161,0.132,0.113,0.077,0.090,0.051,0.193,0.148,0.091,0.111,0.104,0.094,0.107,0.140,0.107,0.121,0.067,0.131
AMS,0.102,0.057,0.070,0.071,0.066,0.099,1.003,0.050,0.077,0.093,0.087,0.057,0.084,0.163,0.034,0.102,0.153,0.088,0.098,0.112,0.079,0.107,0.090,0.052,0.070,0.091,0.019,0.083,0.046,0.084,0.085,0.034,0.044,0.051,0.058,0.154,0.071,0.066,0.051,0.096,0.063,0.051,0.049,0.155,0.120,0.127,0.036,0.080,0.088,0.080,0.041,0.101,0.165,0.015,0.073,0.107,0.058,0.080,0.049,0.115,0.062,0.034,0.100,0.098,0.077,0.136,0.125,0.108,0.121,0.062,0.131,0.053,0.080,0.034,0.061,0.096,0.021,0.078,0.091,0.085,0.095,0.140,0.128,0.062,0.026,0.093,0.029,0.081,0.082,0.061,0.120,0.074,0.061,0.103,0.087,0.113,0.086,0.144,0.072,0.036,0.109,0.076,0.093,0.057,0.237,0.131,0.108,0.041,0.082,0.076,0.112,0.096,0.086,0.094,0.115,0.074,0.141,0.064,0.148,0.107,0.087,0.092,0.039,-0.002,0.129,0.047,0.058,0.046,0.124,0.125,0.093,0.064,0.080,0.106,0.081,0.093,0.116,0.090,0.222,0.112,0.129,0.058,0.233,0.034,0.094,0.165,0.067,0.120,0.133,0.109,0.093,0.064,0.074,0.042,0.159,0.122,0.076,0.092,0.086,0.078,0.088,0.116,0.089,0.100,0.055,0.108
APF,0.062,0.035,0.043,0.043,0.040,0.060,0.050,1.001,0.047,0.057,0.053,0.035,0.051,0.100,0.021,0.062,0.093,0.054,0.060,0.069,0.048,0.065,0.055,0.032,0.043,0.055,0.012,0.051,0.028,0.052,0.052,0.021,0.027,0.031,0.035,0.094,0.044,0.040,0.031,0.059,0.039,0.031,0.030,0.095,0.073,0.077,0.022,0.049,0.054,0.049,0.025,0.062,0.101,0.009,0.044,0.065,0.035,0.049,0.030,0.070,0.038,0.021,0.061,0.060,0.047,0.083,0.077,0.066,0.074,0.038,0.080,0.032,0.049,0.021,0.037,0.059,0.013,0.048,0.055,0.052,0.058,0.086,0.078,0.038,0.016,0.057,0.018,0.050,0.050,0.037,0.073,0.045,0.037,0.063,0.053,0.069,0.053,0.088,0.044,0.022,0.067,0.046,0.057,0.035,0.145,0.080,0.066,0.025,0.050,0.047,0.069,0.058,0.053,0.057,0.070,0.045,0.086,0.039,0.090,0.065,0.053,0.056,0.024,-0.001,0.079,0.029,0.036,0.028,0.076,0.076,0.057,0.039,0.049,0.065,0.049,0.057,0.071,0.055,0.136,0.068,0.079,0.035,0.142,0.021,0.058,0.101,0.041,0.073,0.082,0.067,0.057,0.039,0.045,0.026,0.097,0.075,0.046,0.056,0.053,0.048,0.054,0.071,0.054,0.061,0.034,0.066
ARI,0.095,0.053,0.065,0.067,0.062,0.093,0.077,0.047,0.997,0.087,0.082,0.054,0.079,0.153,0.032,0.095,0.143,0.082,0.092,0.105,0.074,0.100,0.084,0.049,0.066,0.085,0.018,0.078,0.043,0.079,0.079,0.032,0.042,0.048,0.054,0.144,0.067,0.062,0.048,0.090,0.059,0.047,0.046,0.145,0.112,0.119,0.034,0.075,0.082,0.075,0.039,0.095,0.155,0.014,0.068,0.100,0.054,0.075,0.046,0.108,0.058,0.032,0.094,0.092,0.072,0.127,0.117,0.101,0.113,0.058,0.123,0.050,0.075,0.032,0.057,0.090,0.020,0.073,0.085,0.080,0.089,0.131,0.120,0.058,0.024,0.088,0.027,0.076,0.077,0.057,0.112,0.070,0.057,0.097,0.082,0.106,0.081,0.135,0.068,0.033,0.102,0.071,0.087,0.053,0.222,0.123,0.101,0.039,0.077,0.072,0.105,0.090,0.081,0.088,0.107,0.069,0.132,0.060,0.139,0.100,0.082,0.086,0.037,-0.002,0.121,0.044,0.055,0.043,0.116,0.117,0.088,0.060,0.075,0.099,0.076,0.087,0.109,0.084,0.208,0.105,0.121,0.054,0.218,0.032,0.088,0.155,0.063,0.113,0.125,0.103,0.088,0.060,0.070,0.039,0.149,0.114,0.071,0.086,0.081,0.073,0.083,0.109,0.083,0.094,0.052,0.102
ASC,0.115,0.064,0.079,0.081,0.075,0.112,0.093,0.057,0.087,0.999,0.099,0.065,0.095,0.185,0.038,0.116,0.173,0.100,0.111,0.127,0.089,0.121,0.102,0.060,0.079,0.103,0.021,0.094,0.052,0.096,0.096,0.039,0.050,0.058,0.065,0.175,0.081,0.075,0.058,0.109,0.072,0.057,0.056,0.176,0.136,0.144,0.041,0.090,0.100,0.091,0.047,0.114,0.187,0.018,0.082,0.121,0.065,0.091,0.056,0.130,0.070,0.039,0.114,0.111,0.088,0.154,0.142,0.122,0.137,0.071,0.149,0.060,0.091,0.039,0.069,0.109,0.024,0.089,0.103,0.097,0.108,0.159,0.145,0.070,0.029,0.106,0.033,0.092,0.093,0.069,0.136,0.084,0.069,0.117,0.099,0.129,0.098,0.164,0.082,0.040,0.123,0.086,0.105,0.064,0.269,0.149,0.122,0.047,0.094,0.087,0.128,0.109,0.098,0.106,0.130,0.083,0.160,0.073,0.168,0.121,0.099,0.104,0.044,-0.003,0.147,0.053,0.066,0.052,0.141,0.142,0.106,0.072,0.091,0.120,0.091,0.106,0.132,0.102,0.252,0.127,0.146,0.066,0.264,0.038,0.107,0.187,0.076,0.136,0.151,0.124,0.106,0.073,0.084,0.048,0.181,0.139,0.086,0.104,0.098,0.088,0.100,0.131,0.101,0.114,0.062,0.123
ATT,0.109,0.061,0.075,0.076,0.071,0.106,0.087,0.053,0.082,0.099,1.006,0.061,0.090,0.174,0.036,0.109,0.164,0.094,0.105,0.120,0.084,0.115,0.096,0.056,0.075,0.097,0.020,0.089,0.049,0.090,0.091,0.037,0.048,0.055,0.062,0.165,0.076,0.071,0.055,0.103,0.068,0.054,0.053,0.166,0.128,0.136,0.039,0.085,0.094,0.086,0.044,0.108,0.177,0.017,0.078,0.115,0.062,0.086,0.052,0.123,0.066,0.037,0.107,0.105,0.083,0.145,0.134,0.116,0.129,0.067,0.140,0.057,0.086,0.037,0.065,0.103,0.023,0.084,0.097,0.091,0.102,0.150,0.137,0.066,0.028,0.100,0.031,0.087,0.088,0.065,0.128,0.080,0.065,0.111,0.093,0.121,0.092,0.155,0.077,0.038,0.117,0.081,0.099,0.061,0.254,0.140,0.116,0.044,0.088,0.082,0.120,0.102,0.092,0.100,0.123,0.079,0.151,0.069,0.158,0.115,0.093,0.098,0.042,-0.002,0.138,0.050,0.063,0.049,0.133,0.134,0.100,0.068,0.086,0.114,0.086,0.100,0.124,0.096,0.238,0.120,0.138,0.062,0.249,0.036,0.101,0.177,0.072,0.129,0.143,0.117,0.100,0.069,0.079,0.045,0.171,0.131,0.081,0.098,0.092,0.083,0.095,0.124,0.095,0.107,0.059,0.116
AWA,0.071,0.040,0.049,0.050,0.046,0.069,0.057,0.035,0.054,0.065,0.061,0.997,0.059,0.114,0.024,0.071,0.107,0.062,0.068,0.079,0.055,0.075,0.063,0.037,0.049,0.064,0.013,0.058,0.032,0.059,0.059,0.024,0.031,0.036,0.040,0.108,0.050,0.046,0.036,0.067,0.044,0.035,0.035,0.109,0.084,0.089,0.025,0.056,0.062,0.056,0.029,0.071,0.116,0.011,0.051,0.075,0.040,0.056,0.034,0.081,0.044,0.024,0.070,0.069,0.054,0.095,0.088,0.076,0.085,0.044,0.092,0.037,0.056,0.024,0.042,0.068,0.015,0.055,0.063,0.060,0.067,0.098,0.090,0.043,0.018,0.066,0.020,0.057,0.058,0.042,0.084,0.052,0.043,0.073,0.061,0.079,0.060,0.101,0.051,0.025,0.076,0.053,0.065,0.040,0.166,0.092,0.076,0.029,0.058,0.053,0.079,0.067,0.060,0.066,0.080,0.052,0.099,0.045,0.104,0.075,0.061,0.064,0.027,-0.002,0.091,0.033,0.041,0.032,0.087,0.087,0.066,0.045,0.056,0.074,0.057,0.065,0.081,0.063,0.156,0.078,0.090,0.041,0.163,0.024,0.066,0.116,0.047,0.084,0.094,0.077,0.066,0.045,0.052,0.029,0.112,0.086,0.053,0.064,0.060,0.055,0.062,0.081,0.062,0.070,0.039,0.076
BAW,0.105,0.058,0.072,0.073,0.068,0.102,0.084,0.051,0.079,0.095,0.090,0.059,1.002,0.168,0.035,0.105,0.157,0.090,0.101,0.115,0.081,0.110,0.093,0.054,0.072,0.093,0.019,0.086,0.047,0.087,0.087,0.035,0.046,0.052,0.059,0.159,0.073,0.068,0.053,0.099,0.065,0.052,0.051,0.159,0.123,0.130,0.037,0.082,0.091,0.083,0.042,0.104,0.170,0.016,0.075,0.110,0.059,0.083,0.050,0.118,0.064,0.035,0.103,0.101,0.079,0.140,0.129,0.111,0.124,0.064,0.135,0.055,0.083,0.035,0.062,0.099,0.022,0.080,0.093,0.088,0.098,0.144,0.132,0.063,0.026,0.096,0.030,0.084,0.085,0.062,0.123,0.077,0.063,0.107,0.090,0.117,0.089,0.149,0.074,0.037,0.112,0.078,0.096,0.058,0.244,0.135,0.111,0.043,0.085,0.079,0.116,0.098,0.089,0.097,0.118,0.076,0.145,0.066,0.152,0.110,0.090,0.095,0.040,-0.002,0.133,0.048,0.060,0.047,0.128,0.128,0.096,0.066,0.083,0.109,0.083,0.096,0.120,0.092,0.229,0.115,0.133,0.060,0.240,0.035,0.097,0.170,0.069,0.124,0.137,0.113,0.096,0.066,0.076,0.043,0.164,0.126,0.078,0.095,0.089,0.080,0.091,0.119,0.091,0.103,0.057,0.112
BIL,0.203,0.113,0.139,0.142,0.132,0.197,0.163,0.100,0.153,0.185,0.174,0.114,0.168,1.006,0.067,0.203,0.305,0.175,0.195,0.223,0.157,0.213,0.179,0.105,0.140,0.181,0.038,0.166,0.091,0.168,0.169,0.068,0.089,0.102,0.115,0.307,0.142,0.131,0.102,0.191,0.126,0.101,0.098,0.309,0.239,0.253,0.072,0.159,0.175,0.160,0.082,0.201,0.329,0.031,0.145,0.213,0.115,0.160,0.098,0.229,0.124,0.068,0.200,0.196,0.154,0.271,0.250,0.215,0.241,0.124,0.261,0.106,0.160,0.068,0.121,0.192,0.042,0.156,0.180,0.170,0.190,0.279,0.255,0.123,0.051,0.186,0.058,0.162,0.164,0.121,0.239,0.148,0.121,0.206,0.174,0.226,0.172,0.288,0.144,0.071,0.217,0.152,0.185,0.113,0.472,0.261,0.215,0.083,0.164,0.152,0.224,0.191,0.172,0.187,0.229,0.147,0.281,0.128,0.295,0.213,0.174,0.183,0.078,-0.004,0.257,0.093,0.116,0.092,0.247,0.249,0.186,0.127,0.160,0.212,0.161,0.185,0.232,0.179,0.443,0.223,0.257,0.116,0.464,0.068,0.188,0.329,0.133,0.239,0.266,0.218,0.186,0.128,0.148,0.084,0.318,0.243,0.151,0.183,0.172,0.155,0.176,0.231,0.177,0.200,0.110,0.216
BRN,0.042,0.023,0.029,0.029,0.027,0.041,0.034,0.021,0.032,0.038,0.036,0.024,0.035,0.067,1.003,0.042,0.063,0.036,0.040,0.046,0.033,0.044,0.037,0.022,0.029,0.038,0.008,0.034,0.019,0.035,0.035,0.014,0.018,0.021,0.024,0.064,0.029,0.027,0.021,0.040,0.026,0.021,0.020,0.064,0.050,0.052,0.015,0.033,0.036,0.033,0.017,0.042,0.068,0.006,0.030,0.044,0.024,0.033,0.020,0.048,0.026,0.014,0.042,0.041,0.032,0.056,0.052,0.045,0.050,0.026,0.054,0.022,0.033,0.014,0.025,0.040,0.009,0.032,0.037,0.035,0.039,0.058,0.053,0.025,0.011,0.039,0.012,0.034,0.034,0.025,0.050,0.031,0.025,0.043,0.036,0.047,0.036,0.060,0.030,0.015,0.045,0.031,0.038,0.024,0.098,0.054,0.045,0.017,0.034,0.032,0.047,0.040,0.036,0.039,0.047,0.030,0.058,0.027,0.061,0.044,0.036,0.038,0.016,-0.001,0.053,0.019,0.024,0.019,0.051,0.052,0.039,0.026,0.033,0.044,0.033,0.038,0.048,0.037,0.092,0.046,0.053,0.024,0.096,0.014,0.039,0.068,0.028,0.050,0.055,0.045,0.039,0.027,0.031,0.017,0.066,0.051,0.031,0.038,0.036,0.032,0.037,0.048,0.037,0.041,0.023,0.045
BVT,0.127,0.071,0.087,0.088,0.082,0.123,0.102,0.062,0.095,0.116,0.109,0.071,0.105,0.203,0.042,0.998,0.190,0.109,0.122,0.140,0.098,0.133,0.112,0.065,0.087,0.113,0.023,0.104,0.057,0.105,0.105,0.043,0.055,0.063,0.072,0.192,0.089,0.082,0.064,0.119,0.079,0.063,0.061,0.193,0.149,0.158,0.045,0.099,0.110,0.100,0.051,0.126,0.205,0.019,0.090,0.133,0.072,0.100,0.061,0.143,0.077,0.043,0.125,0.122,0.096,0.169,0.156,0.134,0.151,0.077,0.163,0.066,0.100,0.043,0.076,0.120,0.027,0.097,0.113,0.106,0.119,0.175,0.159,0.077,0.032,0.116,0.036,0.101,0.102,0.076,0.149,0.093,0.076,0.129,0.109,0.141,0.107,0.180,0.090,0.044,0.136,0.095,0.116,0.071,0.295,0.163,0.134,0.052,0.103,0.095,0.140,0.119,0.107,0.117,0.143,0.092,0.176,0.080,0.184,0.133,0.109,0.114,0.049,-0.003,0.161,0.058,0.073,0.057,0.155,0.155,0.116,0.079,0.100,0.132,0.100,0.116,0.145,0.112,0.277,0.139,0.161,0.072,0.290,0.042,0.117,0.206,0.083,0.150,0.166,0.136,0.117,0.080,0.092,0.052,0.199,0.152,0.094,0.114,0.107,0.097,0.110,0.144,0.111,0.125,0.069,0.135
CFR,0.190,0.106,0.130,0.133,0.124,0.185,0.153,0.093,0.143,0.173,0.164,0.107,0.157,0.305,0.063,0.190,1.000,0.164,0.183,0.210,0.147,0.200,0.168,0.098,0.131,0.170,0.035,0.156,0.085,0.158,0.158,0.064,0.083,0.095,0.108,0.288,0.133,0.123,0.096,0.179,0.119,0.095,0.092,0.290,0.224,0.237,0.068,0.149,0.165,0.150,0.077,0.189,0.308,0.029,0.136,0.200,0.108,0.151,0.092,0.215,0.116,0.064,0.188,0.184,0.144,0.254,0.234,0.202,0.226,0.116,0.245,0.099,0.150,0.064,0.113,0.180,0.040,0.146,0.169,0.160,0.178,0.262,0.239,0.115,0.048,0.175,0.054,0.152,0.154,0.113,0.224,0.139,0.114,0.193,0.163,0.212,0.161,0.270,0.135,0.066,0.204,0.142,0.174,0.106,0.443,0.245,0.202,0.078,0.154,0.143,0.210,0.179,0.161,0.175,0.214,0.138,0.264,0.120,0.277,0.200,0.163,0.172,0.073,-0.004,0.242,0.087,0.109,0.086,0.232,0.233,0.175,0.119,0.150,0.198,0.151,0.174,0.217,0.168,0.416,0.209,0.241,0.108,0.436,0.063,0.176,0.309,0.125,0.225,0.250,0.205,0.175,0.120,0.139,0.079,0.298,0.228,0.141,0.172,0.161,0.146,0.165,0.217,0.166,0.187,0.103,0.203
CLR,0.109,0.061,0.075,0.076,0.071,0.106,0.088,0.054,0.082,0.100,0.094,0.062,0.090,0.175,0.036,0.109,0.164,1.004,0.105,0.120,0.084,0.115,0.096,0.056,0.075,0.097,0.020,0.089,0.049,0.091,0.091,0.037,0.048,0.055,0.062,0.165,0.076,0.071,0.055,0.103,0.068,0.054,0.053,0.166,0.129,0.136,0.039,0.085,0.094,0.086,0.044,0.108,0.177,0.017,0.078,0.115,0.062,0.086,0.053,0.123,0.067,0.037,0.108,0.105,0.083,0.146,0.134,0.116,0.130,0.067,0.141,0.057,0.086,0.037,0.065,0.103,0.023,0.084,0.097,0.092,0.102,0.150,0.137,0.066,0.028,0.100,0.031,0.087,0.088,0.065,0.128,0.080,0.065,0.111,0.094,0.122,0.093,0.155,0.078,0.038,0.117,0.082,0.100,0.061,0.254,0.141,0.116,0.045,0.088,0.082,0.121,0.103,0.092,0.101,0.123,0.079,0.151,0.069,0.159,0.115,0.094,0.099,0.042,-0.002,0.139,0.050,0.063,0.049,0.133,0.134,0.100,0.068,0.086,0.114,0.087,0.100,0.125,0.096,0.239,0.120,0.138,0.062,0.250,0.036,0.101,0.177,0.072,0.129,0.143,0.118,0.100,0.069,0.080,0.045,0.171,0.131,0.081,0.099,0.093,0.084,0.095,0.124,0.095,0.108,0.059,0.116
CML,0.121,0.068,0.083,0.085,0.079,0.118,0.098,0.060,0.092,0.111,0.105,0.068,0.101,0.195,0.040,0.122,0.183,0.105,1.003,0.134,0.094,0.128,0.107,0.063,0.084,0.108,0.022,0.100,0.055,0.101,0.101,0.041,0.053,0.061,0.069,0.184,0.085,0.079,0.061,0.115,0.076,0.060,0.059,0.185,0.143,0.151,0.043,0.095,0.105,0.096,0.049,0.121,0.197,0.018,0.087,0.128,0.069,0.096,0.058,0.137,0.074,0.041,0.120,0.117,0.092,0.162,0.150,0.129,0.144,0.074,0.157,0.064,0.096,0.041,0.072,0.115,0.025,0.093,0.108,0.102,0.114,0.167,0.153,0.074,0.031,0.112,0.035,0.097,0.098,0.072,0.143,0.089,0.073,0.124,0.104,0.135,0.103,0.173,0.086,0.042,0.130,0.091,0.111,0.068,0.283,0.157,0.129,0.050,0.099,0.091,0.135,0.114,0.103,0.112,0.137,0.088,0.169,0.077,0.177,0.128,0.104,0.110,0.047,-0.003,0.154,0.056,0.070,0.055,0.148,0.149,0.112,0.076,0.096,0.127,0.096,0.111,0.139,0.107,0.266,0.134,0.154,0.069,0.278,0.040,0.113,0.197,0.080,0.144,0.159,0.131,0.112,0.077,0.089,0.050,0.191,0.146,0.090,0.110,0.103,0.093,0.106,0.138,0.106,0.120,0.066,0.130
CPI,0.139,0.078,0.096,0.097,0.091,0.135,0.112,0.069,0.105,0.127,0.120,0.079,0.115,0.223,0.046,0.140,0.210,0.120,0.134,0.998,0.108,0.147,0.123,0.072,0.096,0.124,0.026,0.114,0.063,0.116,0.116,0.047,0.061,0.070,0.079,0.211,0.098,0.090,0.070,0.132,0.087,0.069,0.068,0.212,0.165,0.174,0.050,0.109,0.121,0.110,0.057,0.138,0.226,0.021,0.099,0.147,0.079,0.110,0.067,0.158,0.085,0.047,0.138,0.135,0.106,0.186,0.172,0.148,0.166,0.085,0.180,0.073,0.110,0.047,0.083,0.132,0.029,0.107,0.124,0.117,0.131,0.192,0.176,0.084,0.035,0.128,0.040,0.112,0.113,0.083,0.164,0.102,0.083,0.142,0.119,0.155,0.118,0.198,0.099,0.049,0.149,0.104,0.127,0.078,0.325,0.180,0.148,0.057,0.113,0.105,0.154,0.131,0.118,0.129,0.157,0.101,0.193,0.088,0.203,0.147,0.120,0.126,0.054,-0.003,0.177,0.064,0.080,0.063,0.170,0.171,0.128,0.087,0.110,0.146,0.111,0.128,0.159,0.123,0.305,0.153,0.177,0.080,0.319,0.046,0.129,0.226,0.092,0.165,0.183,0.150,0.128,0.088,0.102,0.058,0.219,0.168,0.104,0.126,0.118,0.107,0.121,0.159,0.122,0.137,0.076,0.149
CSB,0.098,0.055,0.067,0.068,0.064,0.095,0.079,0.048,0.074,0.089,0.084,0.055,0.081,0.157,0.033,0.098,0.147,0.084,0.094,0.108,1.004,0.103,0.086,0.050,0.067,0.087,0.018,0.080,0.044,0.081,0.081,0.033,0.043,0.049,0.055,0.148,0.069,0.063,0.049,0.092,0.061,0.049,0.047,0.149,0.115,0.122,0.035,0.077,0.085,0.077,0.040,0.097,0.159,0.015,0.070,0.103,0.055,0.077,0.047,0.110,0.060,0.033,0.097,0.094,0.074,0.131,0.120,0.104,0.116,0.060,0.126,0.051,0.077,0.033,0.058,0.093,0.021,0.075,0.087,0.082,0.092,0.135,0.123,0.059,0.025,0.090,0.028,0.078,0.079,0.058,0.115,0.072,0.058,0.100,0.084,0.109,0.083,0.139,0.069,0.034,0.105,0.073,0.089,0.055,0.228,0.126,0.104,0.040,0.079,0.073,0.108,0.092,0.083,0.090,0.110,0.071,0.136,0.062,0.142,0.103,0.084,0.088,0.038,-0.002,0.124,0.045,0.056,0.044,0.119,0.120,0.090,0.061,0.077,0.102,0.078,0.089,0.112,0.086,0.214,0.107,0.124,0.056,0.224,0.033,0.091,0.159,0.064,0.116,0.128,0.105,0.090,0.062,0.071,0.040,0.153,0.118,0.073,0.088,0.083,0.075,0.085,0.111,0.085,0.096,0.053,0.104
DCP,0.133,0.074,0.091,0.093,0.087,0.129,0.107,0.065,0.100,0.121,0.115,0.075,0.110,0.213,0.044,0.133,0.200,0.115,0.128,0.147,0.103,0.962,0.118,0.069,0.092,0.119,0.025,0.109,0.060,0.111,0.111,0.045,0.058,0.067,0.076,0.202,0.093,0.086,0.067,0.126,0.083,0.066,0.065,0.203,0.157,0.166,0.047,0.104,0.115,0.105,0.054,0.132,0.216,0.020,0.095,0.140,0.076,0.105,0.064,0.150,0.081,0.045,0.131,0.128,0.101,0.178,0.164,0.141,0.158,0.081,0.172,0.070,0.105,0.045,0.079,0.126,0.028,0.102,0.119,0.112,0.125,0.183,0.168,0.081,0.034,0.122,0.038,0.107,0.108,0.079,0.157,0.097,0.080,0.135,0.114,0.148,0.113,0.189,0.095,0.047,0.143,0.100,0.122,0.074,0.310,0.172,0.141,0.054,0.108,0.100,0.147,0.125,0.113,0.123,0.150,0.096,0.185,0.084,0.194,0.140,0.114,0.120,0.051,-0.003,0.169,0.061,0.076,0.060,0.163,0.163,0.122,0.083,0.105,0.139,0.106,0.122,0.152,0.118,0.291,0.146,0.169,0.076,0.305,0.044,0.123,0.216,0.088,0.157,0.175,0.143,0.122,0.084,0.097,0.055,0.209,0.160,0.099,0.120,0.113,0.102,0.116,0.152,0.116,0.131,0.072,0.142
DLT,0.112,0.062,0.077,0.078,0.073,0.109,0.090,0.055,0.084,0.102,0.096,0.063,0.093,0.179,0.037,0.112,0.168,0.096,0.107,0.123,0.086,0.118,0.999,0.058,0.077,0.100,0.021,0.092,0.050,0.093,0.093,0.038,0.049,0.056,0.063,0.169,0.078,0.072,0.056,0.105,0.070,0.056,0.054,0.170,0.132,0.139,0.040,0.088,0.097,0.088,0.045,0.111,0.181,0.017,0.080,0.118,0.063,0.089,0.054,0.126,0.068,0.038,0.110,0.108,0.085,0.149,0.138,0.119,0.133,0.068,0.144,0.058,0.088,0.038,0.067,0.106,0.023,0.086,0.100,0.094,0.105,0.154,0.141,0.068,0.028,0.103,0.032,0.089,0.090,0.067,0.132,0.082,0.067,0.114,0.096,0.125,0.095,0.159,0.079,0.039,0.120,0.084,0.102,0.062,0.261,0.144,0.119,0.046,0.091,0.084,0.124,0.105,0.095,0.103,0.126,0.081,0.155,0.071,0.163,0.118,0.096,0.101,0.043,-0.002,0.142,0.051,0.064,0.051,0.137,0.137,0.103,0.070,0.088,0.117,0.089,0.102,0.128,0.099,0.244,0.123,0.142,0.064,0.256,0.037,0.104,0.182,0.074,0.132,0.147,0.120,0.103,0.070,0.082,0.046,0.175,0.134,0.083,0.101,0.095,0.086,0.097,0.127,0.098,0.110,0.061,0.119
DTC,0.065,0.036,0.045,0.046,0.042,0.063,0.052,0.032,0.049,0.060,0.056,0.037,0.054,0.105,0.022,0.065,0.098,0.056,0.063,0.072,0.050,0.069,0.058,0.998,0.045,0.058,0.012,0.053,0.029,0.054,0.054,0.022,0.029,0.033,0.037,0.099,0.046,0.042,0.033,0.062,0.041,0.032,0.032,0.099,0.077,0.081,0.023,0.051,0.056,0.052,0.026,0.065,0.106,0.010,0.047,0.069,0.037,0.052,0.031,0.074,0.040,0.022,0.064,0.063,0.049,0.087,0.080,0.069,0.078,0.040,0.084,0.034,0.051,0.022,0.039,0.062,0.014,0.050,0.058,0.055,0.061,0.090,0.082,0.040,0.016,0.060,0.019,0.052,0.053,0.039,0.077,0.048,0.039,0.066,0.056,0.073,0.055,0.093,0.046,0.023,0.070,0.049,0.060,0.036,0.152,0.084,0.069,0.027,0.053,0.049,0.072,0.061,0.055,0.060,0.074,0.047,0.091,0.041,0.095,0.069,0.056,0.059,0.025,-0.001,0.083,0.030,0.037,0.030,0.080,0.080,0.060,0.041,0.052,0.068,0.052,0.060,0.075,0.058,0.143,0.072,0.083,0.037,0.149,0.022,0.060,0.106,0.043,0.077,0.086,0.070,0.060,0.041,0.048,0.027,0.102,0.078,0.048,0.059,0.055,0.050,0.057,0.074,0.057,0.064,0.035,0.070
EOH,0.087,0.049,0.060,0.061,0.057,0.085,0.070,0.043,0.066,0.079,0.075,0.049,0.072,0.140,0.029,0.087,0.131,0.075,0.084,0.096,0.067,0.092,0.077,0.045,0.999,0.078,0.016,0.071,0.039,0.072,0.073,0.029,0.038,0.044,0.049,0.132,0.061,0.056,0.044,0.082,0.054,0.043,0.042,0.133,0.103,0.109,0.031,0.068,0.075,0.069,0.035,0.086,0.141,0.013,0.062,0.092,0.049,0.069,0.042,0.098,0.053,0.029,0.086,0.084,0.066,0.116,0.107,0.092,0.104,0.053,0.112,0.046,0.069,0.029,0.052,0.083,0.018,0.067,0.078,0.073,0.082,0.120,0.110,0.053,0.022,0.080,0.025,0.070,0.070,0.052,0.103,0.064,0.052,0.089,0.075,0.097,0.074,0.124,0.062,0.030,0.093,0.065,0.080,0.049,0.203,0.112,0.092,0.036,0.071,0.065,0.096,0.082,0.074,0.080,0.098,0.063,0.121,0.055,0.127,0.092,0.075,0.079,0.034,-0.002,0.111,0.040,0.050,0.039,0.106,0.107,0.080,0.055,0.069,0.091,0.069,0.080,0.100,0.077,0.190,0.096,0.110,0.050,0.200,0.029,0.081,0.141,0.057,0.103,0.114,0.094,0.080,0.055,0.064,0.036,0.137,0.105,0.065,0.079,0.074,0.067,0.076,0.099,0.076,0.086,0.047,0.093
EQU,0.113,0.063,0.077,0.079,0.073,0.110,0.091,0.055,0.085,0.103,0.097,0.064,0.093,0.181,0.038,0.113,0.170,0.097,0.108,0.124,0.087,0.119,0.100,0.058,0.078,0.983,0.021,0.092,0.051,0.094,0.094,0.038,0.049,0.057,0.064,0.171,0.079,0.073,0.057,0.107,0.070,0.056,0.055,0.172,0.133,0.141,0.040,0.088,0.098,0.089,0.046,0.112,0.183,0.017,0.081,0.119,0.064,0.089,0.054,0.128,0.069,0.038,0.111,0.109,0.086,0.151,0.139,0.120,0.134,0.069,0.146,0.059,0.089,0.038,0.067,0.107,0.024,0.087,0.101,0.095,0.106,0.156,0.142,0.068,0.029,0.104,0.032,0.090,0.091,0.067,0.133,0.083,0.068,0.115,0.097,0.126,0.096,0.160,0.080,0.039,0.121,0.084,0.103,0.063,0.263,0.145,0.120,0.046,0.092,0.085,0.125,0.106,0.096,0.104,0.127,0.082,0.157,0.071,0.164,0.119,0.097,0.102,0.044,-0.002,0.143,0.052,0.065,0.051,0.138,0.139,0.104,0.071,0.089,0.118,0.089,0.103,0.129,0.100,0.247,0.124,0.143,0.064,0.259,0.038,0.105,0.183,0.074,0.133,0.148,0.122,0.104,0.071,0.082,0.047,0.177,0.136,0.084,0.102,0.096,0.086,0.098,0.129,0.099,0.111,0.061,0.120
FBR,0.023,0.013,0.016,0.016,0.015,0.023,0.019,0.012,0.018,0.021,0.020,0.013,0.019,0.038,0.008,0.023,0.035,0.020,0.022,0.026,0.018,0.025,0.021,0.012,0.016,0.021,1.004,0.019,0.011,0.019,0.019,0.008,0.010,0.012,0.013,0.035,0.016,0.015,0.012,0.022,0.015,0.012,0.011,0.036,0.028,0.029,0.008,0.018,0.020,0.019,0.009,0.023,0.038,0.004,0.017,0.025,0.013,0.019,0.011,0.026,0.014,0.008,0.023,0.023,0.018,0.031,0.029,0.025,0.028,0.014,0.030,0.012,0.018,0.008,0.014,0.022,0.005,0.018,0.021,0.020,0.022,0.032,0.029,0.014,0.006,0.022,0.007,0.019,0.019,0.014,0.028,0.017,0.014,0.024,0.020,0.026,0.020,0.033,0.017,0.008,0.025,0.017,0.021,0.013,0.055,0.030,0.025,0.010,0.019,0.018,0.026,0.022,0.020,0.022,0.026,0.017,0.032,0.015,0.034,0.025,0.020,0.021,0.009,-0.001,0.030,0.011,0.013,0.011,0.029,0.029,0.022,0.015,0.019,0.024,0.019,0.021,0.027,0.021,0.051,0.026,0.030,0.013,0.054,0.008,0.022,0.038,0.015,0.028,0.031,0.025,0.022,0.015,0.017,0.010,0.037,0.028,0.017,0.021,0.020,0.018,0.020,0.027,0.020,0.023,0.013,0.025
FFB,0.104,0.058,0.071,0.072,0.067,0.101,0.083,0.051,0.078,0.094,0.089,0.058,0.086,0.166,0.034,0.104,0.156,0.089,0.100,0.114,0.080,0.109,0.092,0.053,0.071,0.092,0.019,1.001,0.046,0.086,0.086,0.035,0.045,0.052,0.059,0.157,0.073,0.067,0.052,0.098,0.065,0.052,0.050,0.158,0.122,0.129,0.037,0.081,0.090,0.082,0.042,0.103,0.168,0.016,0.074,0.109,0.059,0.082,0.050,0.117,0.063,0.035,0.102,0.100,0.079,0.138,0.128,0.110,0.123,0.063,0.134,0.054,0.082,0.035,0.062,0.098,0.022,0.080,0.092,0.087,0.097,0.143,0.130,0.063,0.026,0.095,0.030,0.083,0.084,0.062,0.122,0.076,0.062,0.105,0.089,0.115,0.088,0.147,0.074,0.036,0.111,0.077,0.095,0.058,0.241,0.133,0.110,0.042,0.084,0.078,0.115,0.097,0.088,0.096,0.117,0.075,0.144,0.065,0.151,0.109,0.089,0.094,0.040,-0.002,0.132,0.048,0.060,0.047,0.126,0.127,0.095,0.065,0.082,0.108,0.082,0.095,0.118,0.092,0.227,0.114,0.131,0.059,0.237,0.035,0.096,0.168,0.068,0.122,0.136,0.112,0.095,0.065,0.076,0.043,0.162,0.124,0.077,0.094,0.088,0.079,0.090,0.118,0.090,0.102,0.056,0.111
GFI,0.057,0.032,0.039,0.040,0.037,0.055,0.046,0.028,0.043,0.052,0.049,0.032,0.047,0.091,0.019,0.057,0.085,0.049,0.055,0.063,0.044,0.060,0.050,0.029,0.039,0.051,0.011,0.046,1.001,0.047,0.047,0.019,0.025,0.028,0.032,0.086,0.040,0.037,0.029,0.054,0.035,0.028,0.028,0.086,0.067,0.071,0.020,0.044,0.049,0.045,0.023,0.056,0.092,0.009,0.040,0.060,0.032,0.045,0.027,0.064,0.035,0.019,0.056,0.055,0.043,0.076,0.070,0.060,0.067,0.035,0.073,0.030,0.045,0.019,0.034,0.054,0.012,0.044,0.051,0.048,0.053,0.078,0.071,0.034,0.014,0.052,0.016,0.045,0.046,0.034,0.067,0.042,0.034,0.058,0.049,0.063,0.048,0.081,0.040,0.020,0.061,0.042,0.052,0.032,0.132,0.073,0.060,0.023,0.046,0.043,0.063,0.053,0.048,0.052,0.064,0.041,0.079,0.036,0.083,0.060,0.049,0.051,0.022,-0.001,0.072,0.026,0.033,0.026,0.069,0.070,0.052,0.036,0.045,0.059,0.045,0.052,0.065,0.050,0.124,0.062,0.072,0.032,0.130,0.019,0.053,0.092,0.037,0.067,0.074,0.061,0.052,0.036,0.041,0.023,0.089,0.068,0.042,0.051,0.048,0.043,0.049,0.065,0.050,0.056,0.031,0.061
GND,0.105,0.059,0.072,0.073,0.068,0.102,0.084,0.052,0.079,0.096,0.090,0.059,0.087,0.168,0.035,0.105,0.158,0.091,0.101,0.116,0.081,0.111,0.093,0.054,0.072,0.094,0.019,0.086,0.047,0.998,0.088,0.035,0.046,0.053,0.060,0.159,0.074,0.068,0.053,0.099,0.066,0.052,0.051,0.160,0.124,0.131,0.037,0.082,0.091,0.083,0.043,0.104,0.170,0.016,0.075,0.111,0.060,0.083,0.051,0.119,0.064,0.035,0.104,0.101,0.080,0.140,0.129,0.112,0.125,0.064,0.136,0.055,0.083,0.035,0.063,0.100,0.022,0.081,0.094,0.088,0.098,0.145,0.132,0.064,0.027,0.097,0.030,0.084,0.085,0.063,0.124,0.077,0.063,0.107,0.090,0.117,0.089,0.149,0.075,0.037,0.113,0.079,0.096,0.059,0.245,0.135,0.112,0.043,0.085,0.079,0.116,0.099,0.089,0.097,0.119,0.076,0.146,0.066,0.153,0.111,0.090,0.095,0.041,-0.002,0.133,0.048,0.060,0.048,0.128,0.129,0.097,0.066,0.083,0.110,0.083,0.096,0.120,0.093,0.230,0.115,0.133,0.060,0.241,0.035,0.097,0.171,0.069,0.124,0.138,0.113,0.097,0.066,0.077,0.043,0.165,0.126,0.078,0.095,0.089,0.080,0.091,0.120,0.092,0.104,0.057,0.112
GRP,0.105,0.059,0.072,0.074,0.068,0.102,0.085,0.052,0.079,0.096,0.091,0.059,0.087,0.169,0.035,0.105,0.158,0.091,0.101,0.116,0.081,0.111,0.093,0.054,0.073,0.094,0.019,0.086,0.047,0.088,0.993,0.035,0.046,0.053,0.060,0.160,0.074,0.068,0.053,0.099,0.066,0.052,0.051,0.160,0.124,0.131,0.037,0.082,0.091,0.083,0.043,0.104,0.171,0.016,0.075,0.111,0.060,0.083,0.051,0.119,0.064,0.036,0.104,0.102,0.080,0.141,0.130,0.112,0.125,0.064,0.136,0.055,0.083,0.035,0.063,0.100,0.022,0.081,0.094,0.088,0.099,0.145,0.133,0.064,0.027,0.097,0.030,0.084,0.085,0.063,0.124,0.077,0.063,0.107,0.090,0.117,0.089,0.150,0.075,0.037,0.113,0.079,0.096,0.059,0.245,0.136,0.112,0.043,0.085,0.079,0.117,0.099,0.089,0.097,0.119,0.076,0.146,0.067,0.153,0.111,0.090,0.095,0.041,-0.002,0.134,0.048,0.061,0.048,0.129,0.129,0.097,0.066,0.083,0.110,0.084,0.096,0.120,0.093,0.230,0.116,0.134,0.060,0.241,0.035,0.098,0.171,0.069,0.124,0.138,0.113,0.097,0.066,0.077,0.043,0.165,0.127,0.078,0.095,0.089,0.081,0.092,0.120,0.092,0.104,0.057,0.112
HAR,0.042,0.024,0.029,0.030,0.028,0.041,0.034,0.021,0.032,0.039,0.037,0.024,0.035,0.068,0.014,0.043,0.064,0.037,0.041,0.047,0.033,0.045,0.038,0.022,0.029,0.038,0.008,0.035,0.019,0.035,0.035,1.000,0.019,0.021,0.024,0.064,0.030,0.028,0.021,0.040,0.027,0.021,0.021,0.065,0.050,0.053,0.015,0.033,0.037,0.034,0.017,0.042,0.069,0.006,0.030,0.045,0.024,0.034,0.020,0.048,0.026,0.014,0.042,0.041,0.032,0.057,0.052,0.045,0.050,0.026,0.055,0.022,0.034,0.014,0.025,0.040,0.009,0.033,0.038,0.036,0.040,0.059,0.053,0.026,0.011,0.039,0.012,0.034,0.034,0.025,0.050,0.031,0.025,0.043,0.036,0.047,0.036,0.060,0.030,0.015,0.045,0.032,0.039,0.024,0.099,0.055,0.045,0.017,0.034,0.032,0.047,0.040,0.036,0.039,0.048,0.031,0.059,0.027,0.062,0.045,0.036,0.038,0.016,-0.001,0.054,0.020,0.024,0.019,0.052,0.052,0.039,0.027,0.034,0.044,0.034,0.039,0.049,0.038,0.093,0.047,0.054,0.024,0.097,0.014,0.039,0.069,0.028,0.050,0.056,0.046,0.039,0.027,0.031,0.018,0.067,0.051,0.032,0.038,0.036,0.033,0.037,0.048,0.037,0.042,0.023,0.045
HDC,0.055,0.031,0.038,0.039,0.036,0.054,0.044,0.027,0.042,0.050,0.048,0.031,0.046,0.089,0.018,0.055,0.083,0.048,0.053,0.061,0.043,0.058,0.049,0.029,0.038,0.049,0.010,0.045,0.025,0.046,0.046,0.019,0.995,0.028,0.031,0.084,0.039,0.036,0.028,0.052,0.035,0.028,0.027,0.084,0.065,0.069,0.020,0.043,0.048,0.044,0.022,0.055,0.090,0.008,0.039,0.058,0.031,0.044,0.027,0.063,0.034,0.019,0.055,0.053,0.042,0.074,0.068,0.059,0.066,0.034,0.071,0.029,0.044,0.019,0.033,0.052,0.012,0.043,0.049,0.046,0.052,0.076,0.070,0.034,0.014,0.051,0.016,0.044,0.045,0.033,0.065,0.040,0.033,0.056,0.047,0.062,0.047,0.079,0.039,0.019,0.059,0.041,0.051,0.031,0.129,0.071,0.059,0.023,0.045,0.042,0.061,0.052,0.047,0.051,0.062,0.040,0.077,0.035,0.081,0.058,0.048,0.050,0.021,-0.001,0.070,0.025,0.032,0.025,0.068,0.068,0.051,0.035,0.044,0.058,0.044,0.051,0.063,0.049,0.121,0.061,0.070,0.032,0.127,0.018,0.051,0.090,0.036,0.065,0.073,0.060,0.051,0.035,0.040,0.023,0.087,0.067,0.041,0.050,0.047,0.042,0.048,0.063,0.048,0.055,0.030,0.059
HPB,0.063,0.035,0.043,0.044,0.041,0.062,0.051,0.031,0.048,0.058,0.055,0.036,0.052,0.102,0.021,0.063,0.095,0.055,0.061,0.070,0.049,0.067,0.056,0.033,0.044,0.057,0.012,0.052,0.028,0.053,0.053,0.021,0.028,0.999,0.036,0.096,0.044,0.041,0.032,0.060,0.040,0.032,0.031,0.097,0.075,0.079,0.023,0.050,0.055,0.050,0.026,0.063,0.103,0.010,0.045,0.067,0.036,0.050,0.031,0.072,0.039,0.021,0.063,0.061,0.048,0.085,0.078,0.067,0.075,0.039,0.082,0.033,0.050,0.021,0.038,0.060,0.013,0.049,0.056,0.053,0.059,0.087,0.080,0.038,0.016,0.058,0.018,0.051,0.051,0.038,0.075,0.046,0.038,0.065,0.054,0.071,0.054,0.090,0.045,0.022,0.068,0.047,0.058,0.035,0.148,0.082,0.067,0.026,0.051,0.048,0.070,0.060,0.054,0.058,0.071,0.046,0.088,0.040,0.092,0.067,0.054,0.057,0.024,-0.001,0.081,0.029,0.036,0.029,0.077,0.078,0.058,0.040,0.050,0.066,0.050,0.058,0.072,0.056,0.139,0.070,0.080,0.036,0.145,0.021,0.059,0.103,0.042,0.075,0.083,0.068,0.058,0.040,0.046,0.026,0.099,0.076,0.047,0.057,0.054,0.049,0.055,0.072,0.055,0.062,0.034,0.068
IAP,0.072,0.040,0.049,0.050,0.047,0.070,0.058,0.035,0.054,0.065,0.062,0.040,0.059,0.115,0.024,0.072,0.108,0.062,0.069,0.079,0.055,0.076,0.063,0.037,0.049,0.064,0.013,0.059,0.032,0.060,0.060,0.024,0.031,0.036,1.002,0.109,0.050,0.047,0.036,0.068,0.045,0.036,0.035,0.109,0.085,0.089,0.025,0.056,0.062,0.057,0.029,0.071,0.116,0.011,0.051,0.076,0.041,0.057,0.035,0.081,0.044,0.024,0.071,0.069,0.054,0.096,0.088,0.076,0.085,0.044,0.093,0.038,0.057,0.024,0.043,0.068,0.015,0.055,0.064,0.060,0.067,0.099,0.090,0.043,0.018,0.066,0.021,0.057,0.058,0.043,0.084,0.052,0.043,0.073,0.061,0.080,0.061,0.102,0.051,0.025,0.077,0.054,0.065,0.040,0.167,0.092,0.076,0.029,0.058,0.054,0.079,0.068,0.061,0.066,0.081,0.052,0.100,0.045,0.104,0.076,0.062,0.065,0.028,-0.002,0.091,0.033,0.041,0.032,0.088,0.088,0.066,0.045,0.057,0.075,0.057,0.066,0.082,0.063,0.157,0.079,0.091,0.041,0.164,0.024,0.066,0.117,0.047,0.085,0.094,0.077,0.066,0.045,0.052,0.030,0.113,0.086,0.053,0.065,0.061,0.055,0.062,0.082,0.063,0.071,0.039,0.077
INL,0.192,0.107,0.131,0.134,0.125,0.186,0.154,0.094,0.144,0.175,0.165,0.108,0.159,0.307,0.064,0.192,0.288,0.165,0.184,0.211,0.148,0.202,0.169,0.099,0.132,0.171,0.035,0.157,0.086,0.159,0.160,0.064,0.084,0.096,0.109,1.004,0.134,0.124,0.096,0.181,0.120,0.095,0.093,0.292,0.226,0.239,0.068,0.150,0.166,0.152,0.078,0.190,0.311,0.029,0.137,0.202,0.109,0.152,0.092,0.216,0.117,0.065,0.189,0.185,0.145,0.256,0.236,0.203,0.228,0.117,0.247,0.100,0.151,0.064,0.114,0.181,0.040,0.147,0.171,0.161,0.179,0.264,0.241,0.116,0.048,0.176,0.055,0.153,0.155,0.114,0.225,0.140,0.115,0.195,0.164,0.213,0.162,0.272,0.136,0.067,0.205,0.143,0.175,0.107,0.446,0.247,0.203,0.078,0.155,0.144,0.212,0.180,0.162,0.177,0.216,0.139,0.266,0.121,0.279,0.202,0.165,0.173,0.074,-0.004,0.243,0.088,0.110,0.087,0.234,0.235,0.176,0.120,0.152,0.200,0.152,0.175,0.219,0.169,0.419,0.210,0.243,0.109,0.439,0.064,0.178,0.311,0.126,0.226,0.251,0.206,0.176,0.121,0.140,0.079,0.301,0.230,0.142,0.173,0.162,0.147,0.167,0.218,0.167,0.189,0.104,0.204
IPF,0.089,0.049,0.061,0.062,0.058,0.086,0.071,0.044,0.067,0.081,0.076,0.050,0.073,0.142,0.029,0.089,0.133,0.076,0.085,0.098,0.069,0.093,0.078,0.046,0.061,0.079,0.016,0.073,0.040,0.074,0.074,0.030,0.039,0.044,0.050,0.134,0.999,0.057,0.045,0.084,0.055,0.044,0.043,0.135,0.105,0.110,0.031,0.069,0.077,0.070,0.036,0.088,0.144,0.013,0.063,0.093,0.050,0.070,0.043,0.100,0.054,0.030,0.087,0.086,0.067,0.118,0.109,0.094,0.105,0.054,0.114,0.046,0.070,0.030,0.053,0.084,0.019,0.068,0.079,0.074,0.083,0.122,0.112,0.054,0.022,0.081,0.025,0.071,0.072,0.053,0.104,0.065,0.053,0.090,0.076,0.099,0.075,0.126,0.063,0.031,0.095,0.066,0.081,0.050,0.206,0.114,0.094,0.036,0.072,0.067,0.098,0.083,0.075,0.082,0.100,0.064,0.123,0.056,0.129,0.093,0.076,0.080,0.034,-0.002,0.113,0.041,0.051,0.040,0.108,0.109,0.081,0.056,0.070,0.092,0.070,0.081,0.101,0.078,0.194,0.097,0.112,0.051,0.203,0.030,0.082,0.144,0.058,0.105,0.116,0.095,0.082,0.056,0.065,0.037,0.139,0.106,0.066,0.080,0.075,0.068,0.077,0.101,0.077,0.087,0.048,0.095
ITE,0.082,0.046,0.056,0.057,0.053,0.080,0.066,0.040,0.062,0.075,0.071,0.046,0.068,0.131,0.027,0.082,0.123,0.071,0.079,0.090,0.063,0.086,0.072,0.042,0.056,0.073,0.015,0.067,0.037,0.068,0.068,0.028,0.036,0.041,0.047,0.124,0.057,1.006,0.041,0.077,0.051,0.041,0.040,0.125,0.097,0.102,0.029,0.064,0.071,0.065,0.033,0.081,0.133,0.012,0.059,0.086,0.047,0.065,0.039,0.093,0.050,0.028,0.081,0.079,0.062,0.109,0.101,0.087,0.097,0.050,0.106,0.043,0.065,0.028,0.049,0.078,0.017,0.063,0.073,0.069,0.077,0.113,0.103,0.050,0.021,0.075,0.023,0.066,0.066,0.049,0.097,0.060,0.049,0.083,0.070,0.091,0.070,0.117,0.058,0.029,0.088,0.061,0.075,0.046,0.191,0.106,0.087,0.033,0.066,0.062,0.091,0.077,0.069,0.076,0.092,0.059,0.114,0.052,0.119,0.086,0.070,0.074,0.032,-0.002,0.104,0.038,0.047,0.037,0.100,0.101,0.075,0.051,0.065,0.086,0.065,0.075,0.094,0.072,0.179,0.090,0.104,0.047,0.188,0.027,0.076,0.133,0.054,0.097,0.108,0.088,0.075,0.052,0.060,0.034,0.129,0.099,0.061,0.074,0.070,0.063,0.071,0.093,0.072,0.081,0.044,0.087
IVT,0.064,0.035,0.044,0.044,0.041,0.062,0.051,0.031,0.048,0.058,0.055,0.036,0.053,0.102,0.021,0.064,0.096,0.055,0.061,0.070,0.049,0.067,0.056,0.033,0.044,0.057,0.012,0.052,0.029,0.053,0.053,0.021,0.028,0.032,0.036,0.096,0.045,0.041,1.002,0.060,0.040,0.032,0.031,0.097,0.075,0.079,0.023,0.050,0.055,0.050,0.026,0.063,0.103,0.010,0.045,0.067,0.036,0.050,0.031,0.072,0.039,0.021,0.063,0.061,0.048,0.085,0.078,0.068,0.076,0.039,0.082,0.033,0.050,0.021,0.038,0.060,0.013,0.049,0.057,0.053,0.060,0.088,0.080,0.039,0.016,0.059,0.018,0.051,0.051,0.038,0.075,0.047,0.038,0.065,0.055,0.071,0.054,0.091,0.045,0.022,0.068,0.048,0.058,0.036,0.148,0.082,0.068,0.026,0.052,0.048,0.070,0.060,0.054,0.059,0.072,0.046,0.088,0.040,0.093,0.067,0.055,0.058,0.025,-0.001,0.081,0.029,0.037,0.029,0.078,0.078,0.059,0.040,0.050,0.066,0.050,0.058,0.073,0.056,0.139,0.070,0.081,0.036,0.146,0.021,0.059,0.103,0.042,0.075,0.084,0.069,0.059,0.040,0.046,0.026,0.100,0.076,0.047,0.058,0.054,0.049,0.055,0.073,0.056,0.063,0.034,0.068
